0 0.30959375 0.3985740740740741 0.01765625 0.015953703703703703
0 0.2838333333333333 0.38699999999999996 0.018239583333333333 0.01647222222222222
0 0.29628125 0.37593518518518515 0.018239583333333333 0.014925925925925928
0 0.328265625 0.3262685185185185 0.017947916666666668 0.01852777777777778
0 0.4274114583333333 0.36641666666666667 0.019395833333333334 0.017499999999999998
0 0.38138541666666664 0.28690740740740744 0.018239583333333333 0.02110185185185185
0 0.37371354166666665 0.26375000000000004 0.01736979166666667 0.01800925925925926
0 0.39904166666666663 0.27017592592592593 0.017078125 0.015435185185185187
0 0.431609375 0.24625 0.017947916666666668 0.015953703703703703
0 0.4385572916666666 0.2851018518518519 0.01736979166666667 0.01852777777777778
0 0.4730052083333333 0.25139814814814815 0.019104166666666665 0.01800925925925926
0 0.514109375 0.3535462962962963 0.01736979166666667 0.031907407407407405
0 0.5400208333333333 0.2336388888888889 0.015921875 0.029851851851851855
0 0.5824270833333334 0.21408333333333335 0.016208333333333335 0.017499999999999998
0 0.6026927083333333 0.22180555555555556 0.01736979166666667 0.017499999999999998
0 0.6083333333333333 0.2511388888888889 0.017078125 0.01852777777777778
0 0.6149947916666666 0.31958333333333333 0.014765625000000001 0.01647222222222222
0 0.6524791666666666 0.2830462962962963 0.015630208333333333 0.01647222222222222
0 0.677375 0.32987962962962963 0.018526041666666666 0.020583333333333335
0 0.7102291666666667 0.31546296296296295 0.015921875 0.01647222222222222
0 0.724125 0.3255 0.015921875 0.012861111111111111
0 0.8105781249999999 0.2854259259259259 0.013979166666666666 0.017185185185185185