0 0.21165625 0.3225648148148148 0.018786458333333332 0.01725925925925926
0 0.21760416666666668 0.37237962962962967 0.019411458333333336 0.020037037037037037
0 0.336265625 0.40326851851851847 0.018786458333333332 0.022824074074074073
0 0.5358697916666666 0.3172685185185185 0.01721875 0.018925925925925926
0 0.5108177083333333 0.3050277777777778 0.01659375 0.016694444444444446
0 0.5217760416666667 0.2933425925925926 0.01659375 0.016694444444444446
0 0.5543385416666666 0.24547222222222223 0.01721875 0.018925925925925926
0 0.6081927083333334 0.20566666666666666 0.018473958333333332 0.01613888888888889
0 0.5995833333333334 0.18312962962962964 0.01565625 0.014472222222222223
0 0.6963281250000001 0.17171296296296296 0.01565625 0.015027777777777779
0 0.694921875 0.1316388888888889 0.01659375 0.01725925925925926
0 0.8109270833333333 0.20122222222222222 0.01816145833333333 0.01837037037037037
0 0.8265781249999999 0.14249074074074072 0.017531249999999998 0.014472222222222223
0 0.8380052083333334 0.23795370370370372 0.012838541666666667 0.01725925925925926
0 0.875265625 0.20205555555555554 0.017848958333333335 0.018925925925925926
0 0.9 0.24908333333333332 0.019098958333333336 0.01948148148148148
0 0.941484375 0.2396203703703704 0.02755208333333333 0.023935185185185188