0 0.10837500000000001 0.6734907407407408 0.027046875 0.025055555555555553
0 0.03828125 0.5522685185185185 0.028567708333333334 0.02776851851851852
0 0.023807291666666668 0.5184074074074074 0.028567708333333334 0.025055555555555553
0 0.06590104166666667 0.5275462962962963 0.02666666666666667 0.02437962962962963
0 0.12761458333333334 0.5485462962962963 0.028187499999999997 0.02437962962962963
0 0.11466145833333334 0.4913148148148148 0.028187499999999997 0.02776851851851852
0 0.18056250000000001 0.49639814814814814 0.028187499999999997 0.02573148148148148
0 0.32969791666666665 0.4987685185185185 0.028567708333333334 0.03183333333333334
0 0.39293229166666666 0.47303703703703703 0.027046875 0.023703703703703706
0 0.378265625 0.4581296296296296 0.028953125000000003 0.025055555555555553
0 0.39769270833333337 0.596962962962963 0.02285416666666667 0.02776851851851852
0 0.6874427083333334 0.5448148148148148 0.023114583333333334 0.0227037037037037